# Created by Octave 3.6.4, Tue Oct 28 17:44:42 2014 CST <andres@localhost.localdomain>
# name: isot1ir1Ram
# type: matrix
# rows: 27
# columns: 2
 0 4.650626445715577
 0.01 4.642382552675073
 0.02 4.617508265060244
 0.03 4.575559852869915
 0.04 4.515746419605526
 0.05 4.436861465831421
 0.06 4.33721720858583
 0.07000000000000001 4.21465691307954
 0.08 4.066862354874578
 0.09 3.892572931541527
 0.1 3.69544301493745
 0.11 3.495137871580001
 0.12 3.355529875221086
 0.1263 3.364133141060666
 0.13 3.431797259889291
 0.14 3.923491670021506
 0.15 4.704187923294745
 0.16 5.307776305266875
 0.17 5.596657985120512
 0.18 5.702821977487249
 0.19 5.736419187890041
 0.2 5.746004628432122
 0.21 5.74851428515688
 0.22 5.749121698657655
 0.23 5.749258026396841
 0.24 5.749286436504142
 0.25 5.749291935986466


