# Created by Octave 3.6.4, Tue Oct 28 17:42:43 2014 CST <andres@localhost.localdomain>
# name: isotPol
# type: matrix
# rows: 27
# columns: 2
 0 3.753609239655076
 0.01 3.73438541246417
 0.02 3.675804525481874
 0.03 3.574987389489037
 0.04 3.426593530289912
 0.05 3.221857993491584
 0.06 2.946878520465734
 0.07000000000000001 2.57960736036611
 0.08 2.084485565269634
 0.09 1.40266606421402
 0.1 0.4340861948612607
 0.11 -0.9935510157570882
 0.12 -3.162499992076229
 0.1263 -5.070407770275254
 0.13 -6.414161632298887
 0.14 -10.65186690828746
 0.15 -14.59963337236037
 0.16 -17.09921661049723
 0.17 -18.45925082249205
 0.18 -19.29092757419857
 0.19 -19.91572673928508
 0.2 -20.47455325750314
 0.21 -21.03393786246155
 0.22 -21.62852407529225
 0.23 -22.27781146340724
 0.24 -22.99378121600193
 0.25 -23.78533885507086


