# Created by Octave 3.6.4, Tue Sep 16 18:08:50 2014 CDT <andres@localhost.localdomain>
# name: dist
# type: matrix
# rows: 51
# columns: 2
 0 0
 0.005 0
 0.01 0
 0.015 0
 0.02 0
 0.025 0
 0.03 0
 0.035 0
 0.04 0
 0.045 0
 0.05 0
 0.055 0
 0.06 0
 0.065 0
 0.07000000000000001 0
 0.075 0
 0.08 0
 0.08500000000000001 0
 0.09 0
 0.095 0
 0.1 0
 0.105 0
 0.11 0
 0.115 0
 0.12 0
 0.125 0.1040456310635136
 0.13 0.1907503236164415
 0.135 0.2601140776587839
 0.14 0.3121368931905407
 0.145 0.3468187702117119
 0.15 0.3815006472328831
 0.155 0.3988415857434687
 0.16 0.4335234627646399
 0.165 0.4508644012752255
 0.17 0.4855462782963967
 0.175 0.5028872168069822
 0.18 0.5202281553175678
 0.185 0.5375690938281534
 0.19 0.554910032338739
 0.195 0.5722509708493246
 0.2 0.5895919093599102
 0.205 0.6069328478704958
 0.21 0.641614724891667
 0.215 0.6589556634022526
 0.22 0.6762966019128382
 0.225 0.6936375404234238
 0.23 0.7109784789340093
 0.235 0.7283194174445949
 0.24 0.7456603559551805
 0.245 0.7630012944657661
 0.25 0.7803422329763517


